1.5
1.2
1.5
1.2
1.5
1.2
1.5
1.2
1.5
1.2
1.5
1.2
1.6
1.3
1.6
1.3
1.6
1.3
1.6
1.3
1.6
1.3
1.6
1.3
1.6
1.3
1.7
1.4
1.7
1.4
1.7
1.4
1.7
1.4
1.7
1.4
1.7
1.4
1.7
1.4
1.7
1.4
1.8
1.4
1.8
1.5
1.8
1.5
1.8
1.5
1.8
1.5
1.8
1.5
1.8
1.5
1.8
1.5
1.9
1.5
1.9
1.5
1.9
1.6
1.9
1.6
1.9
1.6
1.9
1.6
1.9
1.6
1.9
1.6
1.9
1.6
1.9
1.6
2
1.6
2
1.6
2
1.6
2
1.7
2
1.7
2
1.7
2
1.7
2
1.7
2
1.7
2
1.7
2.1
1.7
2.1
1.7
2.1
1.7
2.1
1.7
2.1
1.8
2.1
1.8
2.1
1.8
2.1
1.8
2.1
1.8
2.1
1.8
2.1
1.8
2.2
1.8
2.2
1.8
2.2
1.8
2.2
1.8
2.2
1.9
2.2
1.9
2.2
1.9
2.2
1.9
2.2
1.9
2.3
1.9
2.3
1.9
2.3
1.9
2.3
1.9
2.3
2
2.3
2
2.3
2
2.3
2
2.4
2
2.4
2
2.4
2
2.4
2
2.4
2.1
2.4
2.1
2.4
2.1
2.5
2.1
2.5
2.1
2.5
2.1
2.5
2.1
2.5
2.2
2.5
2.2
2.6
2.2
2.6
2.2
2.6
2.2
2.6
2.2
2.6
2.3
2.7
2.3
2.7
2.3
2.7
2.3
2.7
2.4
2.7
2.4
2.8
2.4
2.8
2.4
2.8
2.4
2.8
2.5
2.9
2.5
2.9
2.5
2.9
2.5
2.9
2.6
3
2.6
3
2.6
3
2.7
3
2.7
3.1
2.7
3.1
2.8
3.1
2.8
3.2
2.8
3.2
2.9
3.2
2.9
3.2
3
3.3
3
3.3
3
3.3
3.1
3.3
3.2
3.3
3.3
3.2
3.5
-10.7
-14.9
-13.6
-14.7
-13.5
-14.2
-13.5
-14.4
-13.5
-13.9
-13.3
-13.8
-13.1
-13.5
-13.2
-13.8
-13
-13.6
-13.2
-13.8
-13.2
-13.6
-13.2
-13.9
-13.3
-13.7
-12.9
-13.7
-13
-13.3
-12.7
-13.3
-12.8
-13.1
-12.3
-13.1
-12.9
-13.4
-12.9
-13.2
-12.7
-13.2
-12.7
-13
-12.8
-13.2
-12.5
-12.8
-12.2
-12.6
-12.1
-12.6
-11.9
-12.5
-12.1
-12.5
-12.1
-12.8
-12.3
-12.8
-12.2
-12.7
-12.2
-12.4
-11.7
-12.1
-11.6
-11.9
-11.3
-11.6
-11.3
-11.9
-11.5
-12
-11.7
-12.2
-11.6
-11.9
-11.4
-11.8
-11.3
-11.8
-11.4
-11.5
-11
-11.2
-10.6
-11
-10.4
-11.1
-10.8
-11.4
-10.8
-11.2
-11
-11.5
-10.8
-11.1
-10.7
-11
-10.4
-10.8
-10
-10.5
-9.9
-10.3
-9.4
-9.9
-9.8
-10.3
-9.8
-10.5
-10.3
-11
-10.3
-10.7
-9.9
-10.1
-9.5
-9.7
-8.9
-9.3
-8.8
-9
-8.7
-9.3
-9.1
-9.6
-9
-9.6
-9.4
-9.9
-9.1
-9.6
-9.1
-9.3
-8.5
-9
-8.2
-8.4
-7.8
-8.3
-7.9
-8.4
-7.7
-8.4
-8
-8.7
-8.3
-8.8
-8.1
-8.6
-8.2
-8.2
-7.5
-7.6
-7.2
-7.5
-7
-7.5
-6.9
-7.3
-6.6
-7.4
-7.1
-7.6
-7.1
-7.8
-7
-7.4
-6.6
-7.3
-6.6
-7
-6.2
-6.5
-5.6
-6.1
-5.7
-6.3
-5.9
-6.5
-6
-6.3
-5.9
-6.5
-5.9
-5.9
-5.5
-6.5
-5.5
-5.7
-4.6
-5.3
-5
-5.2
-4.7
-5.5
-5
-5.3
-4.6
-5.2
-5.1
-5.4
-4.7
-5.1
-4.4
-4.5
-3.6
-4.1
-3.7
-4.1
-3.6
-4.1
-3.6
-4.3
-3.7
-4.3
-3.8
-4.5
-3.9
-4.2
-3.6
-4.1
-3.3
-3.5
-2.3
-3
-2.4
-2.8
-2.2
-2.8
-2.4
-2.9
-2.5
-3.2
-2.9
-3.3
-2.6
-2.8
-2.3
-2.9
-2.3
-2.3
-1.6
-2.1
-1.4
-1.5
-1
-0.9
2.9
4.3
-2.2
-2.1
13.7
10.8
-6.7
13.7
34.7
-2.3
-48.6
0
52
-14.6
-33.8
40.6
53.8
-19.9
-21.1
30
-14.8
23.2
41.2
-5.1
14.8
14
10.1
11.8
22.7
25.7
6
19.9
-30.1
7.7
45.1
-27.3
-3.8
147.1
94.4
-16.7
67.5
153.9
12.2
-38
74.7
-26.2
-77.8
-22.3
28.5
-17.1
-22.2
115.5
115.8
67.1
170.3
242.2
151.8
70
92.8
183.5
137.4
64.7
-70.2
-94.5
-11.9
20.4
-85
-179.3
-152.9
-141.4
-283
-298.3
-147.6
-40.2
35.5
280.8
539.5
594.5
450.6
497.7
633
655.7
539.2
509.9
412.1
197.7
83.3
-16.3
-115.5
-229.6
-165.3
-373.2
-426.8
-256.4
-268.5
-349.7
-103.1
312
217.5
99.2
150
407.5
586.4
500.4
433.8
614.6
715.5
715.4
806.5
821.4
713.2
624.6
579.1
466.8
187.7
-19
2.6
-132
-218.3
-55.7
74.7
108.2
43
152.3
437.5
662.2
704.2
1106.3
1315.6
1120.2
1019.3
1108.3
1050
693.4
52.8
-376.2
-813.6
-1106.1
-1334.7
-1359.5
-1353
-1554.6
-1604.2
-1550.3
-1482.5
-1445
-1055
-720.4
-740.5
-779.3
-606.2
-505.5
-451.4
-309.2
190.2
694.9
896.4
945.7
1268
1733.3
1891.4
1805.2
1214.2
320.6
23.3
-482.9
-1035.6
-1615
-1863.6
-2040.6
-1999.1
-2021.9
-1883
-1572.6
-1349.3
-1335.9
-1134.3
-777.6
-594.9
-864.2
-1229.4
-1214.4
-1046
-1135.9
-1201.5
-931.7
-305.5
84.9
439.6
639.1
831.1
1049.1
1382.3
1689.9
1683.5
1235.4
702.1
416.5
874.5
1054.3
628.4
558.3
504.6
242.5
105.2
356.8
922.5
1014.4
1034.2
1143.3
595.5
-255.1
-292.3
-337.4
-763.6
-1156.9
-1680.9
-1993.4
-1982.2
-2028.4
-2201.3
-2344.5
-1812.1
-850.6
-101.6
502.9
876
1424.5
1876.8
2252.4
1896.2
1046.3
483.8
163.6
-177.9
-447.8
-709.7
-672
-755.4
-732.3
-637.9
-199.1
-25.9
-40
-367.1
-708.4
-469.8
-12.1
359.3
83.6
-163.8
-67.9
308.7
548.1
673.5
921.2
1221
1406.3
1544.6
1316.7
1358.1
1179.8
820.3
778.4
1060.3
853.2
206.4
-366
-587.5
-260.2
-42.6
-197.9
-687.4
-942.9
-1059.4
-959.5
-1029
-1216.8
-1472.6
-1257.4
-678.8
-105.2
52.9
341.1
467.9
486.3
537.9
457.7
449
521.8
788.3
859.5
1129.7
1436.7
1779.4
2296.7
2802.3
3312.1
3429.8
3219.1
3094
3128.9
3025.4
2818.8
2675.1
2365.2
1810.6
1560.2
992.8
128.4
-25.4
-302
-688.5
-1130.6
-1695.1
-2295.4
-3050.6
-3811.7
-4481.8
-4883
-5156.8
-5342.3
-4962.1
-4567.6
-4034.2
-3937.7
-3798.7
-3543.5
-3247.6
-3110
-3269.4
-2913
-2489.2
-1946.2
-1647.5
-1418
-1387.3
-1177.8
-875.8
-532.4
-416.3
-291.1
-84.4
156
311.1
476
674.5
917.6
1122.1
1342.8
1595.9
1921.5
2214.5
2491.5
2848.7
3403.9
4125.5
5217
6223.3
7047.6
5695.8
3227.8
2280.4
1640.3
1321
1306.5
1190.8
763.3
318.3
-185.7
-546.3
-821.4
-1090.8
-1362.7
-1816.8
-2326.8
-2801.7
-3259.3
-3653.1
-3577.6
-3108.3
-2491.5
-1651.3
-1054.2
-729.5
-545.1
-435
-312.4
-358.6
-346.6
-71.2
203.8
289.2
306.9
316.7
426.6
472.8
508.6
628.9
631.3
267.3
42
16.5
26.9
83.7
199.1
327.5
403.6
519.3
643.9
756
889.8
1010.1
1144
1336.9
1486.9
1746.9
2003.3
2109.2
1966.8
1546.7
1137.8
939.7
822.7
757
679.8
634.8
598.7
615.1
868.8
1186.9
1174.6
1303.2
1495.8
1592.6
1636.5
1719.9
1756.7
1347.3
979.9
703.3
482.6
371.2
264.9
126.4
-4
-118.6
-167.4
-201.8
-242
-279
-286.8
-243.8
-270.4
-269.7
-256.4
-208.4
-244.2
-306.9
-397.7
-438.5
-493.9
-569.9
-753.8
-1066.1
-1610.3
-2514.2
-3238.8
-2370.7
-1418.8
-1296.8
-1015.8
-789
-552.8
-407
-407.4
-367.4
-396.4
-747
-962.7
-1135.7
-1308.3
-1481.1
-1707.8
-1966
-2243.7
-2414.4
-2344.3
-1618.8
-930.2
-725.4
-497.1
-335.7
-175.9
-97.1
10.6
74.4
90.7
-34.3
-126.3
-177.3
-287.9
-402.4
-387.2
-360
-226.1
-161.5
-168.7
-167.6
-108.3
-74.7
-54.8
-86.5
-84.4
-30.5
30.8
78.5
126.9
227.3
280.4
303.7
349.5
375.7
394.2
407
473.6
576.8
639.3
675.7
542.4
290.3
181.3
146.3
89.9
7.4
-44
-118.5
-218.3
-290.8
-261.7
-169.2
-64.8
31.4
75.6
138.8
227.2
326
426.7
499.9
580.6
585.6
552
469.4
376.3
326.7
306.7
334.5
349.9
406.5
491.8
532.4
592.4
631.6
676.8
738
793
856.3
920.2
938.9
844.3
766.7
756.6
721.2
665.4
613.1
637.3
634.7
600.3
595.4
598.5
612.6
619.7
637.3
645.3
573.6
482.8
393.6
341.5
290.6
240.4
182.5
115.3
68.2
28.8
18.9
46.1
90
45.1
17.8
57
42
44
51.2
50.3
46.4
5.1
-48.2
-108.8
-140
-170.6
-219.9
-268.5
-315.3
-341
-331.7
-326.7
-310.1
-303.7
-309
-317.5
-314.6
-290.7
-311.3
-354.4
-379.1
-383.6
-395.5
-414.5
-442.8
-455.7
-471.2
-479.1
-501.9
-526
-566.5
-597.4
-627.2
-672.9
-736.7
-766.4
-798.7
-817.9
-837.5
-821.3
-799
-784.1
-761.3
-743.7
-713.6
-697.2
-654.3
-572.4
-517.8
-464.8
-431.5
-372.1
-326.8
-291.4
-263.9
-230.1
-187.8
-179.2
-197.4
-223.7
-253.2
-259.7
-261.2
-255.2
-245.2
-215.8
-163.3
-118.4
-92.2
-78.4
-76.4
-60.2
-39.1
-12.7
-6.2
-2.7
-14.6
-1.8
6.6
19.7
29
40.2
42.8
60.1
66.7
89.8
115.5
149.4
180
213.8
273.1
321.8
360.5
397
449.6
512
564.5
572
570.8
577.4
597.8
595
590.1
595.7
604.6
637.6
659.3
647
598.9
578.6
568.2
563.1
556.5
564.3
583.7
582.4
583.4
564.2
530.8
490
443.4
415.1
402.3
387.5
384.2
368.1
357.8
361.6
366.9
370.7
378.3
395.6
432.1
454.7
456.7
454.8
449.7
447.6
418.2
365.8
321.6
288.7
257.4
229.9
201.7
176.8
156
134
111.7
72.9
37.7
15.5
-15.4
-78.1
-163.2
-257.2
-372.1
-515.2
-672.5
-795.8
-871.6
-902.9
-889.9
-861.7
-837.1
-754.3
-636.2
-560.7
-522.7
-504.8
-522.5
-577
-652.5
-712.1
-752.4
-766.9
-783.9
-791.7
-775.2
-688.6
-595
-520.3
-464.7
-426.4
-374.4
-317.4
-251.7
-203
-164.3
-132.7
-101.8
-65
-41.9
-21.2
-2.2
10.4
23.9
30.9
46.1
65.1
76.5
95.5
112.3
142.3
167.6
183.4
211.8
239.8
264.8
279.2
287.1
297.7
296.3
274
237.8
212.9
193.9
184
179.5
185
210.4
253.4
271.5
288.9
304.5
319.2
314.5
260.9
208.1
174.8
130.2
82.6
35.1
-2.9
-34.9
-64.4
-93.6
-118.3
-142.6
-167.2
-189.2
-219.2
-243.2
-258.3
-259.3
-229.1
-172.1
-120.5
-85.1
-54.6
-21.2
21
51
80.1
103.1
129.1
140
133.4
117.7
101.1
95.7
88.4
87
98.6
114.7
140.4
156.1
178.8
202.8
218.5
239.4
255.7
251.3
228.4
198.8
180.2
172.5
154.1
125.8
99.1
77.5
62.8
48.9
43.1
35.3
35.7
36.7
25.5
1.4
-24.4
-60
-89.9
-123.2
-154.4
-181.2
-209.7
-234.9
-264.6
-281.9
-283.3
-276.7
-270.4
-263.8
-264.8
-261.5
-246.5
-234.1
-224.5
-214.3
-199.3
-185
-182.5
-195.7
-195.2
-177.9
-158
-129.6
-114.9
-99.2
-72.9
-47.4
-21.7
-2
21.7
40.2
55.9
62.4
65.5
79.8
100.8
123.6
141
149.8
158.8
170
185.3
192.3
198
208.9
232.2
241.9
244.6
247.2
244.6
243.8
231.5
225
209.6
196.3
180.9
163.4
155
139.2
134.4
135.8
150.5
151.2
156.2
157.1
152.3
134.1
125.1
108.2
87.1
57.1
24
-4.9
-34.7
-54.1
-85.8
-121.5
-160
-187.5
-188.2
-193.8
-192.1
-172.7
-143.4
-137.5
-151.1
-163
-168.4
-154.1
-147.7
-146.8
-139.8
-126.1
-99.7
-86.1
-74.8
-66.4
-52.6
-29.7
-12.3
-0.9
8.9
21.4
42.7
40.2
36.6
47.1
54
50.5
45.8
44.4
48.1
51.3
43.1
51.9
44.9
38.7
35
26.9
11.7
3.6
-5.2
0.8
-3.7
3.5
-5.2
-17.9
-33.7
-37.9
-52.1
-82.5
-110.5
-132.3
-141.7
-169.2
-196.8
-216
-219.2
-210.8
-197.2
-194.9
-199.1
-191.5
-205.9
-202.4
-205.8
-200.7
-194.3
-153.9
-137.1
-111.6
-87
-58.5
-25.7
6.9
45.6
66.1
83
107.2
120.9
134.8
126.5
123.1
133.1
159.9
165.2
161.6
174
202.5
221.4
219.7
215.7
222.7
219.5
208.6
197.4
193.1
201
216.4
236.1
248.2
248.7
258.3
270.5
276.8
268.4
252.1
244
223
199.5
156.6
103.7
74.3
51.3
53.4
47.3
33.7
5.3
-10.8
-2
-26.9
-79.9
-157.3
-195.9
-224.1
-260.6
-330.1
-398.1
-427.4
-389.9
-330.5
-284.7
-243.4
-163.9
-117
-89.9
-108.6
-114.6
-131.8
-140.6
-165.1
-190
-178.3
-148.4
-108
-99.1
-73
-42.5
-22.9
-7.9
9.4
52
72.2
69.8
54
48.2
80.1
98.2
104.8
107.7
139.1
184.5
196.6
181.4
163.9
151.2
123.4
96
46.7
4.1
-38.7
-73.9
-71.8
-48.1
-48.2
-58.1
-54.7
-39.8
-35.6
-37.7
-45.5
-54.3
-65.2
-65.4
-68.1
-85.8
-91
-88.2
-92.9
-91.6
-63.2
-35.4
-36
-43.5
-39
-26.6
-22.2
-36.1
-54.7
-37
-10.7
9.5
14.4
19
27.8
31.5
31
27.3
38.6
53.2
55.3
49.6
51.5
62.5
69.5
71.6
65.5
64.9
76.2
81
81.6
92.8
100.3
109.7
123.8
116
98
84.2
79.8
63.8
49.6
44
43.8
41.8
42.4
48.4
53.8
72.9
80.1
75.4
65.3
56.4
56
46.7
29.8
8
-16.5
-32.2
-46
-51.2
-57.4
-54.9
-58.2
-65.8
-63.6
-44.5
-39.8
-36.1
-33.3
-40
-45.6
-51.1
-53.2
-64.2
-79
-92.1
-107
-122.6
-137.4
-149.1
-141.6
-117.7
-103.4
-90.4
-66.1
-39.6
-18.2
1.2
16.1
23.4
33.6
42.2
55.1
61
65
71.4
76.1
82.9
87.9
93.1
102.3
109.1
127.4
144.1
157.4
167.1
171.3
177.2
167.3
150
135.2
127.1
116.2
96.4
84.2
75.8
53.7
22.4
-16.9
-49.8
-76.1
-100.6
-126.4
-154.1
-173.1
-188.6
-208.5
-233
-259.1
-276.3
-288.5
-294.6
-308.7
-313.1
-296.2
-275.8
-258
-236.9
-208.3
-171
-139.8
-112.2
-87
-55.9
-24.1
-1.1
14
22.6
34.3
48.2
56.3
65
76.3
89.8
96.8
98.7
105.7
118.8
132.1
135.9
139
147.1
157.1
168.2
168.3
177
184.9
196.2
197.7
196
188.3
163
141.4
126.3
99.8
71
44.5
25.1
12.6
0.3
-9.9
-3.4
3.7
7.7
3.9
4.1
4.7
9.1
8.2
0.4
-5.4
-5.6
-12.9
-27.4
-31
-27.5
-32.1
-38.6
-42.6
-41.9
-42.2
-45.6
-52.9
-58.5
-59.8
-59.7
-63.2
-64.1
-71
-69.5
-62.5
-52.2
-35.9
-12.9
6.2
21.2
36.3
46.7
51.2
49.1
45.7
37.8
28.4
23.1
23
22.7
22.8
26.7
23.9
20.8
23
23.1
21.2
13.2
2.3
-0.5
8.7
10.9
5.3
3.9
5.1
5.5
4.6
2.7
-3.7
-2.6
-5.7
-7.1
-13.4
-22.5
-34.6
-45.8
-39.2
-33.3
-38.3
-35.3
-26
-29.5
-32.1
-41.6
-41.8
-46.3
-44.8
-24.1
-6.4
-1.2
-0.3
-2.7
12.2
0.2
-5.7
-2.5
-0.3
-21.6
-30.2
-45.1
-59.8
-83.1
-95.5
-102.8
-115.4
-111.1
-108.8
-88.9
-74.3
-77.4
-62.7
-36.6
-45.4
-46.4
-47.6
-29.8
-23.3
0.6
10.1
18.3
21
26.2
29.7
45.7
48.8
50.6
51.1
59.6
64.1
47
46.4
50.2
49
46.7
38.7
31.6
28
31.3
46.2
39.1
36.1
34.2
22.1
-8.3
-27.2
-21.2
-10.1
-7.9
-14.6
-27.8
-37.5
-58.8
-85.1
-97.1
-110.5
-101.8
-92.2
-80.7
-59.3
-19.6
6.3
13.1
29.2
39.5
47.6
68.2
84.1
84.5
85.6
89.7
90.3
79
67.9
63.9
68.9
72.5
75
79
83.6
90.6
87.9
70.9
58.9
64
73.1
71.3
64.3
74.2
67.5
53.9
38.5
24
7.4
-4.6
-15.6
-33.4
-57.4
-78.5
-84.9
-87.9
-89.2
-86.9
-65.6
-63.2
-66.3
-55.3
-46.9
-35.9
-24.4
-4.4
5.7
15.6
19.7
26.7
34.1
48
60.2
70.2
74
75.5
70.6
75.1
67.3
63
56
53.5
41.9
30.2
20.5
15.9
10.9
16.3
18.3
14.2
3.1
-3
-5.3
-4.5
1.9
12.1
14.8
7.1
-7.2
-13.2
-19.3
-29.6
-43.4
-58.5
-74.9
-88.5
-94.1
-88.6
-65.3
-40.4
-34
-24.6
-14.2
-14.2
-17.9
-16.5
-8.4
-4.1
-4.9
-7.4
-19.6
-32.2
-40.1
-40
-28.6
-15.1
0.2
5.4
3.8
1.6
0.2
-11
-23.4
-21.4
-19.4
-15.7
-8.9
5.5
19.5
32.5
45.1
50
47.3
37.6
31.4
28.3
21
8.9
11.6
17.5
18.3
14.7
3.2
-8.1
-20.4
-33.5
-51.7
-66.4
-78.4
-83.5
-87.4
-91.8
-100.6
-102.7
-104
-104.7
-103.6
-97.7
-90.7
-86.7
-76.4
-64.6
-50
-35.7
-24.1
-11
1.1
13.3
22
28.8
35.4
44.6
56.2
61.2
60.3
69.5
75
75.2
78.5
87.4
102.5
112.8
115.7
110
103.1
95.6
76.9
55.7
43.6
38.2
34.2
28.8
19.9
9.5
6
9.6
7.2
6.7
15.3
18.4
15.9
13.8
3.1
-1.9
-6
-12.6
-20.5
-22.1
-23.5
-29.5
-35.1
-38.8
-44.7
-51.2
-65.3
-78.7
-84.8
-85.4
-85.2
-77
-64.6
-48.5
-39.3
-35.2
-39
-49.4
-61.1
-65
-64.1
-51.5
-35.8
-20.9
-12.8
-5
1
2
-6.4
-8.9
-8
-11.7
-22.1
-28.7
-25.5
-18.6
-10.4
1.4
16.1
27.9
37.4
37.2
35.1
35.8
45.3
56.5
68.3
75.4
77.1
80.4
85.1
86.9
86
83.6
80.5
75.4
68.3
61.1
56.1
47.3
32.5
16
-2.7
-25.5
-45.4
-57.6
-60.1
-53.6
-34.1
-16.7
-6.1
7.1
16.4
16.6
14.9
13.9
12.3
7.6
3.2
-0.7
0.4
8.8
16.1
27.7
38.3
51.9
63.2
73.6
77.7
78.9
78.1
74.9
67.5
59.2
54
45.6
36.6
29.6
19.3
4.3
-12.2
-32
-50
-63.8
-80.6
-92.7
-104.2
-112.9
-120.4
-123.4
-129.9
-132.6
-133.3
-124.5
-114.6
-105.3
-94.1
-83.4
-73.9
-65.6
-62.9
-61
-54.7
-46.3
-40.9
-36.5
-29.3
-24.3
-16.5
-9.3
0.2
14
28.3
39.4
43.8
53.4
63.9
70.9
73.3
79.6
90.1
101.3
107.1
111
107.1
95.6
77.7
56.8
31.9
8.3
-11
-23.8
-35.5
-46.9
-55.9
-61.2
-66.7
-69.9
-77.7
-81.4
-78.6
-74.8
-73
-73
-68.8
-61.1
-56.2
-56.9
-58.6
-56.7
-53.8
-47.7
-41.4
-37.4
-32.3
-24.5
-15
-3
7.8
17.3
23.9
33.4
42.9
54.5
65.4
76.6
85.5
91.5
95.3
96.8
101
104.8
107.7
107.9
109.3
112.4
112.4
110.6
108.6
108.1
103
92.4
82.2
73.7
62.7
51.7
41.4
35
30.8
27.6
23.3
21.1
20.1
21.7
23.3
27
27.3
27.3
24.2
23.3
24.9
21.7
19.1
18.8
18.2
19.8
23.1
25.2
23.8
20.8
17.6
12.3
9
7.6
3.8
-3.3
-13.2
-22.9
-33.9
-45.3
-53.5
-56.5
-63.4
-71.4
-77.5
-83.2
-87.3
-90.3
-90.9
-83
-70.9
-62.1
-54.1
-46.1
-40.3
-34.6
-30.1
-26.3
-22.2
-23.3
-27
-28.2
-30.5
-34.3
-37
-34.6
-31.3
-33.4
-36
-38.4
-40.4
-41.7
-44.5
-47.1
-51
-48
-42.6
-38
-35.8
-32.4
-29
-23.8
-21.8
-23.1
-27.5
-32.7
-39.9
-48
-52.4
-50.9
-48.6
-42.9
-34.1
-23.3
-13.8
-5.5
1.8
7.7
12.1
15.6
18.2
21.1
23.3
24.2
26.1
28
26.6
25.4
24.4
20.9
19.3
19.2
18.2
15
13.7
11.4
9.1
6.4
0.5
-6
-6.4
-3.4
-0.1
1.6
0.3
2.4
4.2
4.7
5.8
8.3
12.8
15.9
16.6
17.9
20.7
22.7
26.1
28.7
26.7
24.2
22.1
20.8
22.5
25.9
27.8
32.7
39.5
46.9
53.4
58.8
63.6
67.8
70.5
70
64.7
59.8
57.1
57.6
55.4
53.4
54
53.7
51.1
49.9
45.5
41.1
35.2
31.3
27.5
23.1
16.5
8.9
0.3
-7.2
-15.3
-22.1
-27.2
-32.3
-40.8
-49.4
-56.2
-63
-71.6
-81.1
-88.7
-92.8
-91.6
-86.7
-77.3
-66.9
-61.4
-58.4
-53.4
-47.4
-43
-40.5
-38.6
-35.6
-32.2
-24.9
-15.4
-4.8
6.2
17.6
23.1
27.9
28.7
25.4
20.5
19.3
23.1
27.9
32.9
34.6
34.7
32.3
27.7
20.1
13.5
9
0.1
-10
-21
-30.2
-38.2
-44.1
-48.2
-49.6
-55.6
-60.5
-64.5
-70.7
-76.9
-80.1
-82.6
-83.1
-83.8
-80.3
-75.1
-69
-65
-59.5
-50.8
-37.6
-21.2
-6
6.7
17.8
26.8
33
40
49.6
58.5
65.2
70
73.6
73.7
71.8
67
59.7
52.8
51.7
56.3
61.9
69.7
77.6
81.9
81.5
76.8
68.2
56.7
46
39.1
33.5
29
26.7
23.8
21.3
15.7
11.2
6.6
4.8
3
1.2
-0.8
0.9
3.1
4.2
1.7
-1
-4.9
-8
-8.6
-8
-12
-19.1
-27.3
-35.3
-42.9
-47.7
-49.3
-46.1
-35.6
-26.7
-15.3
-1.2
10.7
19.3
26.5
33.8
38.9
40.4
40.6
39.9
35.1
25.6
15.5
9.2
5.3
1.8
-3.1
-4.4
-5
-7.8
-8.9
-8.6
-6.3
-2
0
1.2
-0.5
-3.1
-7
-13.7
-19.4
-21.5
-20.5
-19
-22.4
-22.3
-20.4
-18.9
-19.5
-19.9
-20.9
-22.6
-25
-25.1
-24.5
-23
-17.5
-12.8
-10.1
-6.6
-4.4
1.4
10.4
22
31.6
36.6
36.5
33.5
28.3
20.7
12.4
5.5
-1.8
-8
-17.4
-24.3
-26.3
-26.5
-19.9
-8.8
-1.5
3.2
7.7
8.9
8.4
4.2
-1.5
-5.4
-13.1
-23.4
-31.4
-30.9
-26.2
-16.4
-6.4
2.4
7.9
12.1
16.2
19
24.3
29.5
33.9
36.8
38
39.7
42.7
43.4
41.2
40.9
36.4
29.6
21.4
11.6
-2.6
-15.9
-24.2
-26.5
-23.6
-20.4
-21.2
-18.8
-16.1
-17.9
-20.8
-22.6
-26.3
-32.9
-36.8
-38.3
-40
-41.2
-40.2
-35.7
-33.1
-31
-26.7
-17.4
-11.6
-5.3
0.9
5.7
10
15.3
22.9
30.5
35.8
39.5
42.1
43.9
43.3
41.1
36.1
29.2
25.4
23.5
20.9
14.9
8.3
2.2
-0.3
-3
-3.7
-3.9
-3.8
-0.9
3.3
3
3.7
9.2
12.1
8.2
2.8
1.6
-1.5
-9.1
-15.5
-18
-21.3
-28
-33
-36
-35.7
-31.4
-23.8
-15.6
-6.3
-0.1
3.8
3
0.2
-3.5
-5.8
-3.8
-1.6
1.6
2.7
3.4
4.2
8.2
12.6
19.8
24.4
23.7
20.1
15.2
9.3
4.8
2.8
1.7
1.6
3.8
4
-1.3
-11.7
-19
-25.1
-33.5
-41.2
-46.7
-49.4
-52.1
-51.1
-43.7
-34.4
-23.8
-13.2
-4
3
9
11
13.1
18.4
25.6
33.3
41.6
49
54.4
57.4
58.2
56.5
49.2
40.9
33.1
23.4
13.7
3.8
-5.3
-16.3
-25.7
-33.6
-40
-47.8
-56.4
-63.8
-70.5
-74.8
-74.3
-67.7
-60.6
-54.6
-46.6
-37.7
-30.4
-24
-16
-7.5
1.5
9.7
19.4
28
35.2
38.9
41.6
42.6
41.8
36.4
26.9
20.4
18.5
15.9
13.3
11.3
9.5
5.9
-0.5
-8.9
-18.2
-25.7
-31.2
-37.4
-40.6
-41.7
-41.3
-40.1
-36.9
-33
-26.5
-19.7
-13.5
-8
-2.9
2.2
5.1
3.7
1.1
-2
-3.5
-5.3
-7.1
-7.1
-5.7
-5.6
-2.6
-3.4
-2.8
0.7
10.6
20.7
27.9
34.9
41.1
43.2
42.4
38.6
32.8
27.1
24.4
21.5
18
13.7
7
1.8
-2
-6.1
-5.8
-3.6
-2.9
-1.8
-3.5
-2.8
-0.4
4.6
9.6
14.7
17.5
16.3
10.1
6.5
5.4
6.7
9.5
12.9
16.2
18.7
21.3
22.1
18.5
14.9
13.4
10.7
10.5
11
10.4
10.1
11.3
11.7
13.7
18.5
20.4
20.1
19.3
16.4
16.1
16.5
16.2
9.9
9.6
6.6
0.9
-1.9
-2.6
-1.6
0.4
7.2
16
17.6
16.5
16.2
10.4
3.6
-2.2
-4.8
-9.7
-14.1
-20.3
-24.4
-25
-26.1
-26.6
-17.2
-3.8
1.3
6.7
14.1
16.1
20.6
19
18.7
18.9
23.3
21.1
9
4.1
5.5
7.1
3.7
4.1
9.5
10
10.3
10.5
11.7
14.6
12.5
15
16.5
15.2
9.3
1.3
-10.6
-20.7
-19.7
-14.7
-13.7
-10.1
-4.2
-1.9
3.8
4
1.1
-1.9
-12.6
-19.2
-27.6
-32.5
-41.3
-44.5
-45.9
-51
-47.5
-40.7
-40.3
-39.5
-34
-20
-6.5
5.1
6.6
-0.8
-5.3
0.3
7.2
15
24.3
33.2
33.9
27.6
14.1
7.1
9.5
2.4
-9
-16.2
-24.3
-31.2
-37.3
-44.3
-49.1
-50.3
-49.1
-47.5
-48
-42.8
-33.3
-31.3
-32.8
-32.8
-29.1
-22
-12.7
-7.9
-0.3
7.2
14.8
22.2
31.7
43.9
51.9
53.9
58.2
63.3
64
64.8
66.4
62.8
58.1
59
59
54.2
48.7
42.1
34.1
24.1
15.2
8.5
3.2
-3.1
-6.8
-4.5
-6.9
-10.8
-9.8
-8.8
-11.6
-14.5
-15.7
-20.7
-30.3
-41.3
-49.5
-53
-56.1
-58
-53.3
-44.9
-35.2
-25.6
-17.3
-8.9
-1
3.7
3
-0.8
-5.3
-8.2
-9.4
-5.5
1.1
5.2
9
12.8
15.9
19
20.5
21.5
21.2
19.9
14.8
13.8
15.1
14.4
11.4
8.9
9.6
12.8
15.5
15.3
10.7
3.7
-5.7
-14.8
-21.5
-24.9
-26.6
-29.4
-29.5
-26.7
-25.3
-22.9
-25.3
-25.7
-28
-27.8
-32.6
-35.7
-37.6
-37.1
-33.1
-25.4
-18.1
-7
1.3
8.3
18.3
27.2
34.1
35.5
35.9
32.9
26.7
16.8
8.4
5.6
6.6
2.7
-4.2
-10
-16.6
-24.8
-30
-32.8
-34.9
-34.1
-33.5
-32.1
-29.6
-25.1
-25.2
-23.1
-20.2
-12.8
-3.6
2.2
8.2
13.1
15
15.7
17.3
17.4
15.2
12.3
11.5
12.1
13.5
16.8
19.2
21.4
19.7
13.8
9.9
5.4
2.7
-1
-4.3
-6.3
-6.4
-5.9
-3.4
5
14
17.3
18.7
19.1
18.3
15.6
12.7
11.3
9.8
9.5
7.7
7.2
7.7
8.4
9.5
9.3
6.4
3.4
2.1
4.2
7.5
11.7
17.3
22.9
26.8
28
29.6
28.3
30.8
31.1
28.8
25.7
20.8
13.3
8.5
2.2
-3.1
-5
-6
-9.6
-14.2
-17.9
-21.6
-20.5
-18.5
-11.1
-3.3
2.1
6.9
9.5
11
12.9
12.9
10.8
4.4
3.8
6.7
8.5
10.4
10.4
9.8
8.3
4.2
0.6
-2.3
-4.1
-8.4
-12
-12.5
-12.3
-16.4
-19.5
-19.7
-20.8
-21.7
-22.5
-22.3
-22.8
-24.5
-26.1
-25.2
-26.9
-29.8
-31.8
-32.5
-28.3
-17.9
-10.6
-4
5.1
15.6
24
29.8
35.9
40.8
42.6
40.8
37.9
36.3
33.5
30.7
28.2
25.1
20.1
15.7
13.8
11.2
9
5.8
4.3
2.2
-0.4
-0.8
1.3
4
8.6
12.3
13.2
14.1
14.4
14
11.5
9.9
5.6
-1.9
-6.6
-11.1
-15.1
-20.3
-24.4
-25.6
-27.3
-31.8
-34.4
-36.2
-37.7
-36.6
-30.1
-24.3
-16.5
-6.3
1.9
8.5
16.6
22.5
24.8
21.5
14.8
8.9
5.6
3.1
1.6
2.8
5.2
8
11.5
13.5
12.5
7.4
0.9
-6.9
-13.8
-19.4
-21.9
-20.6
-16.7
-11.8
-7
-1.5
1.4
1.3
-0.8
-3.8
-7.2
-10.9
-14.7
-16.3
-16.9
-17.2
-15.1
-10.3
-4
0.8
2.4
2.9
0.6
-3.3
-9.4
-14.4
-16.8
-17.6
-18.2
-16.6
-11.8
-7.7
-2.7
-0.3
1.5
4.9
7.3
8.8
9.4
8
4.7
3.4
2.9
3.1
5.7
9.7
12.9
12.4
11.8
12.1
11.3
8.2
5.1
0.5
-4.5
-8.1
-8.7
-8.4
-2
4.2
8.8
13.7
17.4
18.8
20
20.7
18.2
13.5
9.6
7.5
4.4
-0.2
-5.7
-9.2
-11.9
-13.8
-13.5
-11.9
-9.7
-7.4
-3.2
3.9
9.9
15.3
19.1
21.2
21.2
19.1
13.1
6.8
0.2
-4.9
-7.6
-6.5
-3
-0.1
2.6
4.7
4
-1
-9.6
-19.4
-30.1
-40.6
-48.3
-53.9
-54.9
-54.3
-51.1
-45.4
-39.5
-33.8
-29.6
-27.4
-26.1
-25.3
-23.3
-21.5
-18.3
-13.4
-8.2
-2.1
5.3
12.9
19.3
22.3
22.7
21.8
22.6
21.6
18.9
15.6
9.6
2.5
-5
-13.7
-19.3
-21.5
-22.2
-23.8
-23.9
-24.2
-25.9
-29.1
-33.8
-36.1
-37.7
-39.2
-38.3
-34.3
-31
-25.7
-19.9
-14.4
-7.7
-0.8
6.5
13.5
23.2
29.9
35.8
41.1
45.1
46.7
49.3
52
53.5
53.3
51.2
45.6
42.3
40.2
38.3
36.4
35.6
34
34
33.8
33.4
33.5
32.4
32.3
32.3
29.5
27.6
28.1
29.8
30.4
30.5
28
27.2
26.5
23.1
19.3
15.8
14.2
12.9
10.3
8.4
7.1
4.2
2.8
6.9
9.8
12.3
14.8
15.3
12
6.8
3.2
-0.3
-5.2
-8.9
-10.1
-8.4
-6.3
-1
1.6
2.8
3.6
-0.4
-4.9
-7
-8.6
-8.3
-6.3
-4
-1.3
-0.9
-3.3
-4.1
-5.8
-9
-12.9
-18.6
-25.7
-31.9
-37.2
-39.5
-37.9
-34.5
-30.9
-26.6
-22.1
-18.8
-16.9
-13.8
-11.8
-11.5
-10.7
-10.7
-11.3
-10
-6.8
-3.1
-1.1
1.8
3.2
1.2
-1.1
-2.9
-5.9
-10.8
-14.3
-16.4
-18.7
-22.1
-25.1
-26.9
-26
-22.6
-19
-18.1
-16.6
-14
-13
-11
-7.3
-3.1
-0.4
2.5
5.1
6.3
6.9
8.6
12.2
17.7
23.8
30.2
35.9
39.9
42.1
42.5
39.7
33.5
26.7
22.4
18.7
16.2
15
12
8.4
3.6
-3.1
-9.2
-15.1
-19.9
-24.1
-26.9
-29.5
-32.1
-35.4
-36.3
-36.3
-36.7
-37.2
-36.2
-34.3
-34.3
-35.8
-37.4
-35.7
-33.3
-29.5
-22.3
-12.6
-2.1
6.4
12.6
16.1
18
19.2
20.7
22.7
26.4
31.5
36
38.3
37.2
33.4
31.2
27.8
22.1
12.7
4.3
-2.7
-8.1
-12.4
-15.4
-18.3
-22.2
-27
-30.6
-32.8
-33.5
-32.9
-30.8
-27.5
-24.9
-22.3
-18.4
-13.4
-9.6
-6.1
-1.6
2.1
6.4
11.6
19.1
27.5
35.6
42.2
46.1
50.2
53.1
54.4
54.8
54.6
55.1
54.5
52.6
49.8
46.8
42.4
37
29.8
21.7
13.2
4.1
-5.7
-15.9
-26.7
-37.5
-46
-52.4
-58.1
-63.6
-68.5
-72.8
-76
-78
-77.8
-75.5
-72.6
-69
-64.4
-58
-49.2
-38.5
-26.5
-13.7
-0.3
12.1
22.3
30.3
37.6
45.3
53.6
62.5
69.9
76.4
80.5
82.1
80.8
77.1
70.4
62.9
54.3
46.4
39.3
32.5
25.7
18.9
11.4
3
-4.9
-11.9
-19.2
-26.7
-34.3
-42.3
-49.8
-55.6
-58.9
-58.6
-56.6
-53.1
-47.1
-40.6
-36.1
-32.8
-29.9
-26.1
-21.4
-15.3
-8.5
0.3
9.6
18.3
25.4
31.7
38.3
43.5
46.4
46.6
43.3
38.7
32.4
25.6
20
15.8
10.2
3.8
-2.8
-7.5
-8.9
-10.6
-10.9
-10.7
-9.6
-8.1
-4.6
-2.2
-0.6
2.7
5.9
6.6
7.6
7.3
7.1
8.8
10.7
11.6
10
9.1
7.9
9.4
10.2
6.3
2.3
1
1.5
1.1
-2.2
-7.9
-9.8
-10.3
-12.2
-16.1
-19.2
-23.7
-26.5
-32.7
-39.2
-40.3
-41.5
-45.3
-44
-40.1
-36.1
-28.8
-23.4
-18.8
-11.7
-2.8
-1.6
-2.6
-5.8
-5
0.3
8
13.8
21.5
28.8
36.1
39.2
41.6
42.7
43.4
45.8
47
45.6
44.9
36.3
34.2
32.8
30.5
24.2
15.4
10.3
4.5
-0.6
-5.1
-9.6
-14.2
-17.2
-19.9
-18.2
-20.7
-27.5
-32.3
-39.4
-45.5
-41.8
-45.5
-51.5
-45
-35.3
-26.6
-21.4
-14.5
-5.3
6.6
15.5
18.2
18.9
14.1
11.8
15.4
20.1
25.6
33.5
40.5
40.4
36.9
29.7
27.4
16.6
13.2
20.6
13.4
0.8
-4.5
-9.1
-13
-14.5
-9.9
-8.3
-7.4
-3.9
-2
-0.6
-5.9
-4.5
-0.5
-1.2
-2.3
-8.7
-13.8
-10.5
-7.8
-7.9
-12.2
-13.6
-5.5
-4.4
-4.5
-1.9
3
15
17.2
12.5
11.2
10.8
10.7
12.1
14.7
4.3
-3.7
-14
-24.7
-31.5
-34.6
-35.6
-28.3
-12.9
-8.6
-8.9
-12.5
-14.8
-15.1
-13.3
-18.5
-25.2
-32.3
-32
-18.8
-2
-0.1
-2.6
1.9
10
11.2
12.8
19.2
20
14.6
10
9.3
15.1
18.5
24.3
31.2
35.4
38.7
33.4
32.5
31.2
28.6
27.3
26.9
24.2
25
20.6
19.3
15.8
17.5
14.1
6.9
5
3.3
0.8
-9.8
-18.1
-19.6
-19.4
-19.5
-24.3
-26.7
-29.1
-33.4
-35
-36.9
-40.6
-48.3
-49.7
-43.7
-39.2
-29.2
-16.8
-7.3
-3.7
0.3
6.2
7.8
2.7
-2.3
-4.1
-1.7
7.5
15.1
17
14.7
10.5
6.5
2.9
-0.6
-4.6
-9.1
-8.8
-10.2
-9.9
-6.6
-2.6
-1.1
-4.5
0.5
13.6
18.7
14.9
14.4
19.9
18
11.3
6.6
1.1
-0.3
-4.3
0
13.4
25.4
24
14.3
6.3
-3.8
-4.2
15.1
25.6
32
38.4
35
28.3
18.6
14
11
7.7
6
4.2
-2.4
-7.3
-8.7
-9
-2.6
5
5.4
2.6
3.5
7.4
10.3
9.1
11.3
14.7
14.9
14
14.3
8.9
3.3
-3.7
-15.2
-23.2
-25.7
-25.2
-23.5
-19.9
-14.1
-7.2
-0.2
1.4
1.4
-2
-7.3
-11.7
-9.7
-5
-3.9
-6.4
-8.2
-4.5
3.6
6.5
3.9
-0.9
-7.2
-13.8
-17.4
-22
-28.9
-28.1
-24.4
-12.5
-1
3.2
2.6
-1.2
-4.6
-1.7
-5.1
-7.6
-1.8
0.7
-7.3
-10.6
-4.7
2.2
-1
-6.7
-9.6
-12.2
-13.9
-14
-9.7
-9
-8.9
-11.4
-14.6
-13.5
-12.1
-7.4
-3
-4.8
-7
-4.5
-4.9
-6.6
-7.3
-10.1
-16.1
-21.1
-23.2
-20.4
-15.1
-9.5
-7.7
-5.8
1
5.2
5.9
5.9
6.5
4.7
2.5
2.5
5.2
10.3
13.5
16.2
14.4
6.5
6.1
9.1
11.3
15.1
21.8
26.2
18.9
15.9
15.6
13.1
8.6
10.8
21.1
26
23.2
23.1
23.7
19.1
17.6
22.4
24.9
22.2
14
6.2
1
-2.5
-7.6
-7.7
-6.4
-5
-4.7
-2.6
2.7
5.5
1.3
3.6
12.2
12.2
10.2
4.8
-5
-10.1
-10.7
-6.2
-2.5
-0.9
-2.2
-4.6
-4.5
0.1
2.2
-2.9
-9.2
-6.7
-3.5
-6.7
-10.6
-9.9
-6.3
-0.1
5.5
3.4
-3.6
-8.8
-8.6
-5.4
-2.4
0.4
1.2
-4.7
-13
-13.8
-9
-7.1
-6.1
-4.6
-3.7
2.6
9.1
13.2
15.1
17.3
17.9
16.2
15.3
11.4
8.4
5.5
4.3
3.8
-3.5
-9.3
-8.9
-8.9
-9.6
-13.2
-15.9
-15.4
-14.4
-16.5
-14.3
-12.3
-12.7
-13.1
-12.7
-10
-8.7
-11.5
-15.3
-19.7
-17.5
-13.8
-12.6
-11.8
-9.7
-10.7
-14.3
-15.4
-13.5
-10.7
-11.1
-11.5
-11.3
-11.5
-7.8
-6.4
-4.4
-2.3
-1.1
1.9
4.6
5.2
2.7
1.5
4.8
4.9
3.3
3.3
6.1
8.4
7.1
8
10.4
10.6
9.7
9.6
9.7
10.2
11.6
12.4
15.1
15.4
12.8
10.5
8.4
8.5
10.7
12
13
13.2
9.4
5.5
6.7
10.2
13.5
16.5
18.7
19.8
18.7
14.4
11.8
11.3
12.6
16.9
20.2
18.9
16
16.7
16.1
14.3
12.1
9.1
4.7
-1.7
-7.1
-10.3
-14.5
-18.3
-21.8
-25.4
-28.1
-28.8
-30
-31.3
-30.8
-28.7
-28
-27.7
-26.3
-24.7
-24.3
-22.8
-19.5
-15.5
-13
-10.3
-8.1
-6.4
-4.3
-1.9
1.9
5.8
9
11
13.3
13
8.8
1.6
-2.5
-6.7
-9.8
-9.4
-6.5
-2.7
-1.3
0.5
2.3
3.8
3.1
1.4
-0.8
0.2
1.5
3.7
5.1
5.7
5.5
4.4
5.5
5.4
4.6
2.7
1.9
3.2
3
3.3
4.3
5.2
7.6
9.8
12.5
12.7
12.5
10.9
10
8
6.8
5.2
4.8
6.2
10.2
12.8
12.3
12.3
12.3
13.2
16
15.9
14.4
13.6
14.8
14.6
14.7
15.4
13.5
13.3
15.2
15.7
16.5
15.9
17.1
19
19.6
21.3
23.7
25
22.6
22
20.8
19.1
20.2
18.7
20
21.2
19.5
17.4
13.2
10.1
10.1
5.8
1.5
-1.3
-3.7
-5.2
-8.5
-12.7
-12.3
-10.7
-9.1
-7.7
-7.8
-8.4
-9
-9.7
-11.7
-13.3
-15.7
-17.1
-19.4
-20.9
-19.8
-20.3
-18.6
-15
-11.2
-7.9
-8.1
-8.1
-8.6
-9.3
-9
-6
-4.3
-6.6
-7.4
-3.5
-2.2
-5.1
-6.6
-5.3
-5.6
-8.9
-10.3
-12.2
-15
-17.5
-18.9
-18.5
-18.9
-19.7
-19.5
-19.9
-18.8
-17.1
-16.7
-13.5
-8
-6.2
-6.2
-4.8
-3.4
-1.8
-1.8
-1.8
-1.2
0.2
-0.4
-0.4
1.5
-0.2
-0.6
-0.5
-0.5
-0.5
-0.5
-0.5
-0.5
-0.5
-0.5
-0.5
-0.4
-0.5
-0.4
-0.5
-0.4
-0.4
-0.4
-0.4
-0.4
-0.4
-0.4
-0.4
-0.3
-0.4
-0.3
-0.4
-0.3
-0.3
-0.3
-0.3
-0.3
-0.3
-0.3
-0.3
-0.2
-0.3
-0.2
-0.3
-0.2
-0.2
-0.2
-0.2
-0.2
-0.2
-0.2
-0.2
-0.1
-0.2
-0.1
-0.2
-0.1
-0.1
-0.1
-0.1
-0.1
-0.1
-0.1
-0.1
-0.1
-0.1
0
-0.1
0
-0.1
0
0
0
0
0
0
0
0
0
0
0
0
0.1
0
0.1
0
0.1
0.1
0.1
0.1
0.1
0.1
0.1
0.1
0.1
0.1
0.1
0.1
0.2
0.1
0.2
0.1
0.2
0.1
0.2
0.2
0.2
0.2
0.2
0.2
0.2
0.2
0.2
0.2
0.2
0.2
0.2
0.2
0.3
0.2
0.3
0.2
0.3
0.2
0.3
0.3
0.3
0.3
0.3
0.3
0.3
0.3
0.3
0.3
0.3
0.3
0.3
0.3
0.3
0.3
0.3
0.3
0.4
0.3
0.4
0.3
0.4
0.3
0.4
0.3
0.4
0.4
0.4
0.4
0.4
0.4
0.4
0.4
0.4
0.4
0.4
0.4
0.4
0.4
0.4
0.4
0.4
0.4
0.4
0.4
0.4
0.4
0.4
0.4
0.4
0.4
0.4
0.4
0.4
0.4
0.5
0.4
0.5
0.4
0.5
0.4
0.5
0.4
0.5
0.4
0.5
0.4
0.5
0.4
0.5
0.4
0.5
0.4
0.5
0.4
0.5
0.4
0.5
0.5
0.5
0.5
0.5
0.5
0.5
0.5
0.5
0.5
0.5
0.5
0.5
0.5
0.5
0.5
0.5
0.5
0.5
0.5
0.5
0.5
0.5
0.5
0.5
0.5
0.5
0.5
0.5
0.5
0.5
0.5
0.5
0.5
0.5
0.5
0.5
0.5
0.5
0.5
0.5
0.5
0.5
0.4
0.5
0.4
0.5
0.4
0.5
0.4
0.5
0.4
0.5
